4.43790483	163.79759216	0.00177927	1.67067063	165.54985046	0.00001069	
4.31365967	163.97268677	0.00186944	1.66969156	165.72811890	0.00000783	
4.33931589	164.04354858	0.00170425	1.67200756	165.79371643	0.00001048	
4.32181644	164.22799683	0.00185823	1.66967249	165.98287964	0.00001104	
4.39031363	164.34811401	0.00183600	1.66927803	166.10159302	0.00001000	
4.28917551	164.33984375	0.00178221	1.67551124	166.09709167	0.00001077	
4.22019005	164.57754517	0.00169621	1.67177892	166.32710266	0.00001193	
4.36929464	164.74993896	0.00168835	1.66849983	166.49586487	0.00001000	
4.52543068	164.81730652	0.00156084	1.66635382	166.55523682	0.00000971	
4.49470186	164.97799683	0.00173974	1.66529322	166.72308350	0.00001189	
4.43522549	165.01135254	0.00177942	1.66943109	166.76239014	0.00001069	
4.31106043	165.18667603	0.00186917	1.66845024	166.94087219	0.00000782	
4.33708334	165.25721741	0.00170487	1.67075181	167.00614929	0.00001048	
4.31968307	165.44152832	0.00185833	1.66842997	167.19519043	0.00001104	
4.38791656	165.56158447	0.00183654	1.66803908	167.31384277	0.00000998	
4.28682756	165.55354309	0.00178214	1.67429411	167.30955505	0.00001077	
4.21716309	165.79100037	0.00169656	1.67055881	167.53935242	0.00001191	
4.36660671	165.96321106	0.00168878	1.66727221	167.70794678	0.00001000	
4.52285862	166.03050232	0.00156110	1.66513741	167.76724243	0.00000970	
4.49205923	166.19108582	0.00173993	1.66407955	167.93496704	0.00001188	
4.43263674	166.22441101	0.00177956	1.66821873	167.97424316	0.00001069	
4.30854988	166.40002441	0.00186895	1.66723585	168.15298462	0.00000782	
4.33490801	166.47018433	0.00170549	1.66952467	168.21792603	0.00001047	
4.31757975	166.65438843	0.00185844	1.66721559	168.40682983	0.00001104	
4.38556910	166.77435303	0.00183705	1.66682792	168.52543640	0.00000997	
4.28452921	166.76651001	0.00178186	1.67310917	168.52133179	0.00001076	
4.21414661	167.00375366	0.00169677	1.66936779	168.75093079	0.00001190	
4.36400366	167.17581177	0.00168904	1.66607392	168.91935730	0.00000999	
4.52036428	167.24302673	0.00156129	1.66394806	168.97857666	0.00000970	
4.48950672	167.40350342	0.00174010	1.66289246	169.14619446	0.00001187	
4.43012762	167.43679810	0.00177970	1.66703296	169.18545532	0.00001069	
4.30611610	167.61270142	0.00186877	1.66604781	169.36447144	0.00000782	
4.33278322	167.68249512	0.00170609	1.66832554	169.42906189	0.00001046	
4.31550694	167.86657715	0.00185855	1.66602850	169.61782837	0.00001105	
4.38326883	167.98645020	0.00183755	1.66564405	169.73637390	0.00000996	
4.28227854	167.97875977	0.00178131	1.67195666	169.73240662	0.00001076	
4.21108723	168.21582031	0.00169687	1.66820478	169.96182251	0.00001189	
4.36150074	168.38774109	0.00168912	1.66490293	170.13011169	0.00000998	
4.51796818	168.45487976	0.00156142	1.66278446	170.18927002	0.00000969	
4.48704529	168.61524963	0.00174025	1.66173112	170.35678101	0.00001186	
4.42769289	168.64851379	0.00177984	1.66587317	170.39601135	0.00001069	
4.30375290	168.82472229	0.00186858	1.66488636	170.57530212	0.00000781	
4.33069324	168.89413452	0.00170666	1.66715407	170.63955688	0.00001046	
4.31346464	169.07809448	0.00185862	1.66486835	170.82820129	0.00001105	
4.38102293	169.19790649	0.00183801	1.66448665	170.94668579	0.00000995	
4.28008223	169.19017029	0.00178071	1.67083228	170.94265747	0.00001075	
4.20759583	169.42713928	0.00169693	1.66706812	171.17202759	0.00001188	
4.35908127	169.59901428	0.00168895	1.66375422	171.34022522	0.00000998	
4.51578236	169.66609192	0.00156147	1.66164124	171.39933777	0.00000969	
4.48476696	169.82633972	0.00174043	1.66059136	171.56675720	0.00001186	
